image 1
SEN:
[[0.03400822 0.05334218 0.10974419 0.11577089 0.0680683  0.29482907
  0.12556107 0.15586258 0.0301015  0.01271194]]
5
no SEN:
[[1.0000000e+00 8.5188671e-17 6.7294978e-25 5.8916630e-08 7.8105972e-14
  1.1532725e-10 1.9848358e-21 3.1012569e-26 5.6680334e-19 6.0143467e-22]]
0

image 2
SEN:
[[0.05221737 0.05076644 0.12720022 0.18574813 0.06039488 0.07849585
  0.22814205 0.08694082 0.08599341 0.0441009 ]]
6
no SEN:
[[4.0938146e-30 1.0000000e+00 7.6206035e-33 5.6323187e-34 2.7082097e-31
  1.8524174e-26 1.8538226e-35 2.9805228e-29 5.8601384e-30 2.5199801e-31]]
1

image 3
SEN:
[[7.52842287e-03 1.56369526e-02 5.48006967e-02 3.20688598e-02
  8.48234445e-03 7.96795070e-01 2.55224425e-02 4.67585512e-02
  1.17075555e-02 6.99134718e-04]]
5
no SEN:
[[2.5992390e-31 2.1719061e-28 5.2763011e-26 9.7648352e-26 6.9403945e-23
  1.0000000e+00 8.4972083e-27 6.4707109e-24 2.5194528e-30 1.1691199e-35]]
5

image 4
SEN:
[[0.120313   0.11678113 0.04229646 0.17673524 0.05379784 0.12455624
  0.18818879 0.08728836 0.06273233 0.02731058]]
6
no SEN:
[[3.2204674e-09 1.7598758e-07 2.3417205e-07 1.1937247e-04 9.4243752e-08
  1.7338610e-07 9.7085607e-01 2.9022908e-02 9.6759766e-07 1.7378478e-10]]
6

